[
[ 0.59, -0.85, 4.691999999999999 ],
[ -0.72, -0.55, 1.1605 ],
[ 0.12, -0.3, 2.092 ],
[ -0.8100000000000001, 0.97, -3.4955 ],
[ -0.45, -0.5600000000000001, 1.762 ],
[ -0.77, 0.8, -2.9055 ],
[ 0.72, 0.37, 1.3135 ],
[ -0.06, 0.9400000000000001, -1.926 ],
[ 0.05, 0.8, -1.302 ],
[ 0.63, 0.9, -0.4465000000000002 ],
[ 0.49, -0.85, 4.494499999999999 ],
[ 0.6, -0.68, 4.2705 ],
[ -0.19, 0.8100000000000001, -1.8015 ],
[ -0.09, -0.49, 2.3265 ],
[ -0.22, 0.29, -0.2964999999999998 ],
[ -0.75, 0.22, -1.1335 ],
[ -0.78, -0.18, 0.002999999999999982 ],
[ -0.19, -0.33, 1.593 ],
[ 0.9400000000000001, -0.51, 4.436 ],
[ -0.24, 0.46, -0.9075000000000001 ],
[ 0.8100000000000001, -0.38, 3.7795 ],
[ 0.93, 0.37, 1.7005 ],
[ 0.38, 0.79, -0.6265000000000001 ],
[ 0.9, -0.98, 5.749000000000001 ],
[ 0.28, 0.61, -0.222 ],
[ 0.89, -0.44, 4.105499999999999 ],
[ 0.5700000000000001, 0.47, 0.7314999999999999 ],
[ -0.05, -0.76, 3.1615 ],
[ -0.06, 0.06, 0.695 ],
[ 0.1, -0.99, 4.2095 ],
[ -0.18, -0.88, 3.3005 ],
[ 0.31, 0.71, -0.5319999999999998 ],
[ 0.42, 0.85, -0.6905 ],
[ -0.21, -0.45, 1.9725 ],
[ -0.27, 0.73, -1.778 ],
[ 0.35, -0.48, 3.12 ],
[ -0.09, 0.85, -1.7635 ],
[ 0.45, 0.12, 1.5875 ],
[ -0.8200000000000001, -0.06, -0.4405000000000002 ],
[ 0.72, -0.65, 4.4225 ],
[ 0.16, 0.87, -1.2795 ],
[ -0.66, -0.75, 1.9375 ],
[ 0.32, 0.01, 1.5865 ],
[ 0.16, 0.6900000000000001, -0.7980000000000003 ],
[ 0.98, -0.62, 4.779 ],
[ -0.43, 0.96, -2.7775 ],
[ 0.76, 0.78, 0.1440000000000002 ],
[ 0.67, 0.09, 2.11 ],
[ 0.42, -0.01, 1.8935 ],
[ -0.85, 0.28, -1.5375 ],
[ -0.15, -0.07000000000000001, 0.8875000000000001 ],
[ -0.61, -0.23, 0.4610000000000001 ],
[ 0.14, -0.06, 1.5065 ],
[ -0.62, 0.34, -1.276 ],
[ 0.5600000000000001, 0.49, 0.6915000000000001 ],
[ -0.2, -0.04, 0.6895 ],
[ -0.25, -0.91, 3.192 ],
[ -0.16, -0.53, 2.2985 ],
[ 0.72, -0.72, 4.5985 ],
[ -0.55, 1., -3.065 ],
[ -0.88, 0.9, -3.4655 ],
[ 0.31, 0.97, -1.2865 ],
[ -0.07000000000000001, -0.47, 2.243 ],
[ 0.55, 0.61, 0.252 ],
[ -0.62, 0.98, -3.226 ],
[ 0.5, 0.16, 1.4945 ],
[ 0.91, 0.73, 0.6360000000000001 ],
[ 0.38, 0.4, 0.6059999999999999 ],
[ 1., 0.02, 2.963 ],
[ -0.22, -0.28, 1.386 ],
[ 0.67, 0.02, 2.2585 ],
[ 0.92, -0.49, 4.32 ],
[ 0.47, 0.22, 1.2485 ],
[ -0.79, -0.85, 1.927 ],
[ 0.75, -0.98, 5.467499999999999 ],
[ -0.48, 0.54, -1.5515 ],
[ 0.9500000000000001, 0.51, 1.3425 ],
[ 0.41, -0.43, 3.135 ],
[ 0.33, -0.75, 3.889 ],
[ -0.27, 0.99, -2.4675 ],
[ 0.5, 0.15, 1.563 ],
[ 0.58, 0.8100000000000001, -0.2930000000000003 ],
[ 0.33, 0.93, -1.1325 ],
[ 0.9, 0.16, 2.3195 ],
[ -0.65, 0.92, -3.013500000000001 ],
[ -0.98, 0.97, -3.8955 ],
[ 0.92, -0.24, 3.6085 ],
[ 0.06, 0.8200000000000001, -1.298 ],
[ 0.62, -0.03, 2.282 ],
[ 0.55, -0.46, 3.4335 ],
[ -0.34, -0.9, 3.046 ],
[ 0.67, -0.34, 3.3175 ],
[ 0.35, 0.26, 0.911 ],
[ -0.5700000000000001, -0.16, 0.3544999999999999 ],
[ 0.8, 0.48, 1.1425 ],
[ 0.98, 0.62, 1.082 ],
[ 0.96, -0.5600000000000001, 4.633999999999999 ],
[ 0.8200000000000001, -0.52, 4.199 ],
[ 0.9, -0.02, 2.8355 ],
[ -0.17, -0.35, 1.7165 ],
]
